ALPP  -118.694805    34.824492   -27.904000     6.467000     1.191000     0.045000     0.054000     0.185000
ALTH  -120.669766    36.889606   -24.616000    -0.997000   -13.497000     0.273000     0.329000     1.109000
ANA1  -119.363477    34.015009   -41.003000    21.910000    -0.183000     0.068000     0.082000     0.281000
AOA1  -118.830325    34.157447   -40.001000    18.920000     0.061000     0.165000     0.184000     0.740000
ARGU  -117.521948    36.050010   -18.990000    -3.820000    -0.433000     0.151000     0.181000     0.669000
ARM1  -118.910428    35.201252   -28.061000     0.487000   -24.666000     0.172000     0.211000     0.734000
ARM2  -118.910563    35.201260   -26.663000     0.540000   -23.596000     0.221000     0.264000     0.896000
AVRY  -117.153977    34.468302   -23.773000     3.111000     0.508000     0.064000     0.075000     0.260000
AZU1  -117.896494    34.126020   -35.944000    11.908000    -1.564000     0.098000     0.108000     0.447000
BALD  -118.901396    37.783427   -19.096000     0.880000     5.024000     0.148000     0.180000     0.591000
BAMO  -117.204570    40.412749   -16.416000    -9.433000     0.068000     0.061000     0.079000     0.244000
BBDM  -119.981521    34.582201   -41.521000    20.158000     0.668000     0.124000     0.154000     0.531000
BBRY  -116.884246    34.264279   -23.475000     4.033000     0.816000     0.077000     0.093000     0.364000
BCWR  -119.405856    34.920463   -34.236000    10.289000    -0.139000     0.056000     0.068000     0.230000
BEAT  -116.621132    37.039930   -15.536000    -8.846000    -0.075000     0.165000     0.200000     0.683000
BEPK  -118.074098    35.878388   -21.148000    -0.203000    -0.445000     0.081000     0.098000     0.341000
BFLD  -119.045333    35.413084   -25.707000     1.712000    -5.201000     0.272000     0.324000     1.106000
BFSH  -118.497963    35.591123   -25.460000     0.755000     1.688000     0.434000     0.510000     1.883000
BGIS  -118.159704    33.967120   -38.264000    15.444000    -3.956000     0.112000     0.129000     0.487000
BKMS  -118.094706    33.962261   -39.577000    16.761000     0.367000     0.143000     0.167000     0.605000
BKR1  -119.109483    35.132388   -24.661000     2.875000   -11.911000     0.314000     0.374000     1.346000
BKR2  -119.109292    35.132580   -26.133000     5.226000   -18.360000     0.279000     0.333000     1.177000
BLSA  -118.028684    33.799546   -39.295000    16.718000    -0.541000     0.233000     0.275000     0.970000
BMRY  -116.984707    33.962684   -27.272000     8.844000    -0.307000     0.179000     0.209000     0.735000
BRAN  -118.277057    34.184897   -37.427000    13.928000     0.553000     0.095000     0.110000     0.463000
BRIB  -122.152559    37.919406   -26.823000     5.285000    -0.190000     0.065000     0.088000     0.350000
BRPK  -118.576813    34.682285   -31.049000     9.692000     1.165000     0.047000     0.055000     0.190000
BSRY  -117.011997    34.918612   -19.851000    -0.145000    -0.434000     0.069000     0.083000     0.275000
BTDM  -118.188233    34.292808   -36.077000    12.154000    -0.442000     0.101000     0.107000     0.395000
BUEG  -120.196412    34.612851   -42.856000    22.130000     1.481000     0.213000     0.240000     0.958000
BULL  -116.871704    36.917641   -15.790000    -8.558000     0.153000     0.144000     0.172000     0.606000
BVPP  -119.347512    35.157277   -29.446000     3.718000    -1.307000     0.106000     0.130000     0.434000
CA99  -118.896696    37.644563   -22.673000    -6.534000     2.132000     0.195000     0.239000     0.800000
CAM5  -121.042910    35.529264   -40.975000    24.614000     3.202000     0.420000     0.498000     1.709000
CAND  -120.433701    35.939353   -24.393000     6.754000     2.057000     0.062000     0.074000     0.256000
CARH  -120.430828    35.888387   -34.226000    16.417000     0.619000     0.048000     0.056000     0.201000
CARR  -120.430846    35.888354   -34.071000    17.464000    -0.040000     0.118000     0.133000     0.504000
CASA  -118.896668    37.644634   -22.807000    -8.844000     5.083000     0.291000     0.336000     1.255000
CBHS  -118.629812    34.138564   -38.933000    17.596000     0.543000     0.052000     0.058000     0.221000
CCCC  -117.671177    35.565314   -20.465000    -0.346000    -0.042000     0.054000     0.066000     0.220000
CCCO  -118.211204    33.876262   -37.277000    18.131000    -3.599000     0.203000     0.240000     0.859000
CCCS  -117.864949    33.862745   -36.860000    17.396000     1.979000     0.145000     0.172000     0.615000
CCST  -119.013473    34.806364   -33.227000     8.973000     1.439000     0.083000     0.107000     0.376000
CGDM  -117.964952    34.243994   -35.317000    10.762000     0.531000     0.050000     0.062000     0.220000
CHAB  -122.119316    37.724117   -27.729000     7.293000     0.061000     0.135000     0.165000     0.597000
CHIL  -118.026006    34.333424   -34.420000    10.798000     0.209000     0.047000     0.055000     0.208000
CHLO  -116.765529    36.746501   -15.616000    -8.509000    -0.166000     0.158000     0.188000     0.662000
CHMS  -117.827706    34.640463   -24.923000     5.501000     0.096000     0.090000     0.109000     0.375000
CHO1  -121.664967    39.432638   -21.835000    -4.060000     0.751000     0.191000     0.239000     0.809000
CHOW  -120.210512    37.084851   -23.179000     1.237000   -77.389000     0.206000     0.245000     0.873000
CIRX  -118.937303    34.109556   -40.081000    19.329000     0.009000     0.043000     0.052000     0.217000
CIT1  -118.127292    34.136711   -36.893000    12.807000    -0.501000     0.095000     0.112000     0.398000
CJMG  -117.424467    34.271196   -27.840000     6.493000    -0.700000     0.172000     0.199000     0.685000
CJMS  -117.479388    34.313800   -28.839000     7.702000     0.618000     0.061000     0.070000     0.251000
CJVG  -118.144234    34.530322   -30.844000    10.491000    -2.253000     0.172000     0.194000     0.694000
CLAR  -117.708816    34.109930   -35.074000    11.877000    -0.377000     0.059000     0.069000     0.249000
CMBB  -120.386045    38.034176   -22.330000    -2.478000     2.399000     0.107000     0.121000     0.458000
CME1  -124.396338    40.441777   -19.502000    18.860000    -1.482000     0.147000     0.183000     0.629000
CMOD  -120.999981    37.641337   -22.733000    -3.129000    -0.554000     0.107000     0.135000     0.431000
CMP9  -118.411431    34.353182   -36.450000    12.928000    -0.713000     0.096000     0.117000     0.402000
CNDR  -121.278501    37.896405   -23.366000    -2.887000    -1.354000     0.248000     0.308000     1.073000
CNPP  -117.608926    33.857634   -35.583000    14.879000    -0.670000     0.072000     0.085000     0.298000
COPR  -119.879533    34.414910   -41.572000    19.379000     0.356000     0.064000     0.077000     0.266000
COSO  -117.808894    35.982343   -16.697000     2.761000    -3.564000     0.062000     0.075000     0.264000
CPBN  -117.573027    35.071735   -19.980000     2.364000    -0.556000     0.074000     0.088000     0.300000
CRAM  -116.818408    37.081248   -15.605000    -8.977000    -0.088000     0.087000     0.110000     0.346000
CRAT  -116.569257    36.807666   -15.897000    -8.575000    -0.589000     0.126000     0.144000     0.561000
CRBT  -120.750761    35.791614   -38.489000    21.480000     0.593000     0.074000     0.090000     0.306000
CRFP  -117.099688    34.039053   -28.768000     8.219000     0.073000     0.100000     0.117000     0.408000
CRGG  -119.724827    35.242092   -31.415000     8.885000    -0.287000     0.140000     0.168000     0.551000
CRHS  -118.272773    33.823507   -39.009000    17.972000     0.312000     0.072000     0.084000     0.317000
CRU1  -119.784819    34.029263   -41.688000    22.950000    -0.254000     0.040000     0.046000     0.158000
CSCI  -119.038988    34.168406   -40.219000    19.707000    -0.227000     0.074000     0.089000     0.298000
CSDH  -118.256724    33.861480   -39.990000    17.655000     0.904000     0.057000     0.068000     0.235000
CSN1  -118.523819    34.253552   -37.658000    16.003000    -1.144000     0.093000     0.111000     0.385000
CSST  -119.371257    34.408093   -40.440000    15.689000    -0.744000     0.046000     0.055000     0.202000
CTDM  -118.613217    34.516551   -35.055000    10.853000     2.502000     0.097000     0.115000     0.394000
CUHS  -119.673955    34.942649   -40.273000    16.393000    -3.430000     0.205000     0.248000     0.903000
CVHS  -117.901724    34.082013   -37.546000    12.668000    -2.303000     0.175000     0.207000     0.734000
DAM1  -118.397369    34.333998   -38.330000    11.540000     0.730000     0.366000     0.376000     1.601000
DAM2  -118.396871    34.334838   -36.869000    13.145000     0.742000     0.077000     0.079000     0.339000
DAM3  -118.397473    34.333993   -36.567000    13.871000     0.018000     0.111000     0.110000     0.501000
DDMN  -118.981194    37.744183   -21.746000     0.230000     5.088000     0.148000     0.178000     0.617000
DECH  -119.090607    38.051488   -21.942000    -1.913000    -1.265000     0.080000     0.100000     0.331000
DIAB  -121.915633    37.878575   -23.873000     0.164000     0.677000     0.059000     0.079000     0.308000
DIXN  -121.828646    38.468715   -23.116000    -3.410000    -2.429000     0.083000     0.101000     0.343000
DLNO  -119.243102    35.749996   -24.654000     1.359000    -7.446000     0.330000     0.392000     1.311000
DOND  -119.690129    37.264254   -22.565000    -2.949000     0.521000     0.135000     0.182000     0.608000
DONO  -119.017980    36.692497   -21.959000    -1.801000     1.433000     0.217000     0.256000     0.926000
DREW  -119.958370    36.005849   -23.612000     8.617000    -7.094000     0.381000     0.456000     1.616000
DS13  -116.791467    35.247780   -15.367000    -3.612000    -0.196000     0.191000     0.223000     0.779000
DSHS  -118.348548    34.023934   -36.860000    17.245000    -0.390000     0.169000     0.196000     0.710000
DUBP  -121.855141    37.727624   -27.615000     3.509000     0.888000     0.444000     0.557000     1.816000
DVPB  -117.860134    34.413414   -31.270000     9.247000     0.630000     0.045000     0.056000     0.194000
DYER  -118.039340    37.742803   -16.796000    -7.033000     0.421000     0.154000     0.185000     0.623000
DYH2  -118.127466    33.938316   -38.954000    16.406000    -1.388000     0.161000     0.189000     0.637000
DYHS  -118.125990    33.937991   -42.437000    16.070000    -0.333000     0.137000     0.155000     0.585000
EBMD  -122.283812    37.815010   -30.953000    13.278000    -1.326000     0.179000     0.223000     0.703000
ECCO  -118.329033    33.886756   -37.219000    19.206000     1.922000     0.227000     0.278000     1.009000
EDPP  -118.830414    34.946195   -28.067000     5.365000     1.735000     0.072000     0.088000     0.302000
ELSC  -118.208440    34.029736   -37.891000    13.686000    -1.662000     0.048000     0.052000     0.201000
ELTN  -118.425735    34.703118   -27.626000     7.792000     0.745000     0.161000     0.190000     0.635000
ELTS  -118.453767    34.599292   -30.844000    10.972000    -1.216000     0.292000     0.359000     1.188000
EWPP  -117.525591    34.104200   -34.080000    11.947000    -0.436000     0.080000     0.097000     0.376000
FARB  -123.000775    37.697212   -38.966000    25.659000    -1.897000     0.037000     0.046000     0.158000
FGST  -120.009389    34.733012   -41.689000    19.771000     0.716000     0.027000     0.032000     0.110000
FHOG  -116.935873    34.093547   -25.751000     6.220000     0.760000     0.067000     0.096000     0.326000
FMTP  -118.894150    34.409867   -37.756000    14.705000    -0.390000     0.067000     0.081000     0.271000
FMVT  -118.884039    34.356339   -38.999000    18.060000     0.362000     0.088000     0.104000     0.353000
FOXG  -118.240503    34.733913   -25.649000     7.250000    -4.004000     0.291000     0.344000     1.168000
FXHS  -118.359486    34.080607   -40.899000    14.173000    -1.713000     0.137000     0.160000     0.628000
FZHS  -118.893386    34.800195   -32.028000     8.337000     1.143000     0.070000     0.084000     0.298000
GABB  -117.916395    38.970331   -16.442000    -8.838000     0.705000     0.150000     0.187000     0.643000
GARL  -119.355461    40.416525   -17.542000    -7.638000    -0.286000     0.088000     0.113000     0.368000
GASB  -122.715934    39.654707   -22.272000    -4.529000     1.934000     0.306000     0.411000     2.009000
GDEC  -119.863687    35.189417   -35.444000    14.132000    -0.016000     0.065000     0.080000     0.274000
GHRP  -117.397900    34.203891   -29.936000     8.435000     0.332000     0.127000     0.148000     0.525000
GOL2  -116.889253    35.425155   -16.921000    -3.795000    -0.277000     0.063000     0.074000     0.276000
GOLD  -116.889253    35.425155   -16.947000    -3.589000    -0.261000     0.042000     0.051000     0.177000
GR8R  -120.415735    36.399015   -21.129000    -0.190000     1.184000     0.168000     0.203000     0.747000
GR8V  -120.415777    36.399008   -24.748000    -5.042000    -2.336000     0.273000     0.327000     1.172000
GRN5  -121.255255    36.340451   -38.113000    22.988000    -2.340000     0.266000     0.326000     1.115000
GVRS  -118.112901    34.047449   -37.710000    13.841000    -1.212000     0.087000     0.103000     0.349000
HAR7  -117.299215    35.011541   -19.289000     2.436000    -3.609000     0.262000     0.305000     0.995000
HARV  -120.682075    34.469405   -42.748000    24.307000    -3.102000     0.059000     0.068000     0.247000
HBCO  -118.285802    33.783649   -38.545000    18.821000    -2.275000     0.100000     0.117000     0.420000
HCRO  -121.469903    40.815916   -19.083000    -6.378000     0.064000     0.042000     0.055000     0.167000
HELB  -119.022969    36.678842   -21.432000    -0.310000    -1.175000     0.196000     0.225000     0.864000
HELL  -116.979205    36.723646   -15.918000    -7.703000    -0.043000     0.393000     0.472000     1.602000
HIVI  -117.799458    34.759921   -23.347000     4.597000    -0.258000     0.086000     0.099000     0.375000
HOGS  -120.479503    35.866718   -35.321000    18.554000     0.475000     0.111000     0.143000     0.504000
HOL3  -117.845132    34.458156   -29.237000     7.926000     0.668000     0.045000     0.054000     0.181000
HOLC  -117.845167    34.458188   -30.494000     7.935000    -0.683000     0.259000     0.297000     1.081000
HOLP  -118.168178    33.924542   -38.259000    15.710000    -5.869000     0.086000     0.100000     0.352000
HOPB  -123.074734    38.995186   -30.793000     9.793000    -0.704000     0.106000     0.134000     0.432000
HOTK  -118.821254    37.658587   -15.713000    -3.820000     5.603000     0.231000     0.289000     0.949000
HUNT  -120.402388    35.880813   -26.375000     7.983000     2.636000     0.119000     0.144000     0.503000
HVYS  -119.187548    34.441233   -39.496000    13.552000    -0.467000     0.053000     0.064000     0.224000
ISLK  -118.474306    35.662271   -21.832000     0.199000     2.689000     0.131000     0.159000     0.580000
JLN5  -120.832908    35.873177   -38.255000    22.856000     1.446000     0.132000     0.160000     0.531000
JNHG  -117.955443    34.449065   -30.786000     9.466000    -0.516000     0.153000     0.187000     0.622000
JNPR  -119.084741    37.771744   -21.231000    -1.049000     4.224000     0.157000     0.189000     0.688000
JPLM  -118.173234    34.204822   -37.071000    12.998000    -0.842000     0.065000     0.073000     0.287000
JPLV  -118.174305    34.201584   -37.235000    12.424000    -0.595000     0.223000     0.274000     0.964000
JRSC  -122.227403    37.406250   -34.359000    17.505000    -1.350000     0.084000     0.104000     0.338000
KBRC  -119.008205    34.398530   -38.027000    13.864000    -0.385000     0.079000     0.095000     0.331000
KNOL  -118.979178    37.659117   -20.663000    -2.127000    -0.922000     0.117000     0.146000     0.476000
KRAC  -118.880476    37.713310   -18.124000    -0.692000     6.633000     0.263000     0.330000     1.259000
LAND  -120.473291    35.899794   -34.716000    18.224000     1.924000     0.087000     0.105000     0.350000
LAPC  -118.574658    34.181925   -38.352000    17.438000    -0.040000     0.081000     0.092000     0.343000
LASC  -118.306512    33.927945   -37.671000    17.191000     0.498000     0.144000     0.169000     0.593000
LBC1  -118.137190    33.832072   -38.115000    17.963000     1.299000     0.080000     0.087000     0.363000
LBC2  -118.173249    33.791612   -38.019000    18.398000     0.886000     0.156000     0.179000     0.656000
LBCH  -118.203351    33.787773   -38.739000    18.075000     1.291000     0.180000     0.206000     0.777000
LEBC  -118.871949    34.825179   -30.541000     7.434000    -0.775000     0.317000     0.391000     1.355000
LEEP  -118.321762    34.134603   -38.483000    14.264000    -0.353000     0.059000     0.069000     0.246000
LEMA  -119.782393    36.292025   -21.751000    11.804000   -86.639000     0.586000     0.699000     2.377000
LEWI  -116.861876    40.403511   -15.512000   -10.722000    -0.098000     0.066000     0.079000     0.289000
LFRS  -118.412832    34.095073   -38.448000    15.124000     0.346000     0.044000     0.051000     0.189000
LINC  -119.017292    37.637193   -21.068000    -0.870000     1.141000     0.165000     0.200000     0.670000
LINJ  -118.139206    34.662023   -26.400000     7.601000    -2.437000     0.102000     0.121000     0.411000
LJRN  -118.867747    34.807525   -30.915000     7.821000     0.231000     0.107000     0.131000     0.457000
LL01  -117.834961    34.485459   -28.143000     8.013000     0.538000     0.071000     0.085000     0.282000
LLAS  -117.837936    34.585976   -25.534000     6.206000    -0.667000     0.081000     0.096000     0.328000
LMRR  -119.813285    39.538493   -19.652000    -5.709000     2.577000     0.360000     0.471000     1.560000
LMSG  -117.445076    33.817401   -34.858000    14.382000    -2.262000     0.299000     0.340000     1.154000
LNC1  -121.350240    38.846511   -22.520000    -4.063000    -0.340000     0.086000     0.109000     0.365000
LNC2  -121.350554    38.846507   -22.920000    -4.067000    -0.980000     0.103000     0.130000     0.432000
LNCO  -119.057910    36.359957   -21.437000    -0.574000     2.741000     0.160000     0.191000     0.666000
LNMT  -116.939656    35.090202   -18.470000    -1.701000    -0.447000     0.070000     0.083000     0.280000
LOMP  -120.446587    34.690924   -43.925000    24.406000     0.787000     0.279000     0.317000     1.092000
LONG  -118.003417    34.111902   -36.839000    13.083000    -1.581000     0.122000     0.139000     0.619000
LORS  -117.754076    34.133329   -35.053000    12.007000    -0.466000     0.095000     0.113000     0.390000
LOWS  -120.594292    35.828713   -37.463000    20.844000     0.943000     0.090000     0.111000     0.372000
LPCG  -117.546369    34.314865   -29.200000     6.642000     2.194000     0.148000     0.177000     0.639000
LPHS  -117.956727    34.026772   -38.102000    14.556000    -2.221000     0.110000     0.126000     0.474000
LRA1  -122.243897    37.874560   -34.444000    -4.813000     8.656000     0.181000     0.244000     1.026000
LRA3  -122.243671    37.875404   -31.787000     2.682000     0.536000     0.347000     0.421000     1.888000
LRRG  -118.029993    34.527060   -29.320000     8.027000    -0.698000     0.178000     0.215000     0.773000
LUTZ  -121.865232    37.286853   -31.724000    12.964000    -1.714000     0.078000     0.098000     0.321000
LVMS  -119.103693    34.733607   -35.494000    10.334000     0.583000     0.080000     0.098000     0.336000
MASW  -120.443066    35.832600   -35.248000    18.039000     0.769000     0.115000     0.141000     0.469000
MAT2  -117.436705    33.856763   -34.690000    14.194000     0.013000     0.070000     0.082000     0.278000
MATH  -117.436822    33.856688   -35.161000    14.754000     0.760000     0.221000     0.244000     1.013000
MEE1  -120.758606    36.186903   -22.208000    -0.141000     1.532000     0.093000     0.114000     0.390000
MEE2  -120.766854    36.180527   -40.325000    21.271000     1.553000     0.089000     0.108000     0.368000
MHCB  -121.642583    37.341533   -23.397000     0.414000     1.073000     0.082000     0.103000     0.335000
MHDL  -122.494340    37.842324   -32.278000    15.474000    -1.941000     0.092000     0.117000     0.433000
MHMS  -118.244139    33.939057   -37.131000    17.142000    -2.354000     0.081000     0.106000     0.375000
MIDA  -120.458835    35.921913   -24.932000     7.759000     1.525000     0.169000     0.181000     0.753000
MIG1  -120.351399    34.038263   -42.220000    24.706000    -0.505000     0.038000     0.045000     0.156000
MILP  -121.834086    37.449041   -28.176000     6.259000    -1.480000     0.100000     0.123000     0.399000
MINS  -119.060904    37.653763   -20.283000    -1.596000     0.354000     0.093000     0.117000     0.395000
MLFP  -117.317964    33.918406   -33.893000    13.080000     0.099000     0.042000     0.048000     0.164000
MNMC  -120.434056    35.969472   -23.205000     5.578000     2.156000     0.063000     0.073000     0.249000
MNRC  -122.442805    38.878727   -22.593000     1.463000    -1.253000     0.086000     0.109000     0.366000
MOLA  -122.419931    37.946577   -30.060000    11.558000    -1.056000     0.167000     0.202000     0.781000
MONB  -121.866871    37.485327   -27.468000     5.253000    -0.949000     0.106000     0.131000     0.420000
MONI  -116.715575    39.147708   -16.045000    -9.316000     0.002000     0.183000     0.226000     0.775000
MPWD  -118.878024    34.295514   -39.369000    18.487000    -0.288000     0.020000     0.023000     0.087000
MRDM  -117.881694    34.175231   -35.718000    11.305000     0.106000     0.103000     0.114000     0.409000
MSCG  -116.647963    34.038502   -23.353000     5.157000    -0.136000     0.106000     0.127000     0.447000
MSHP  -121.924896    37.556324   -27.161000     6.450000    -0.814000     0.115000     0.146000     0.524000
MSOB  -117.210131    34.230845   -26.866000     6.852000     2.264000     0.109000     0.115000     0.475000
MTA1  -118.245509    34.055221   -38.778000    13.945000    -2.853000     0.180000     0.184000     0.779000
MULN  -120.091614    36.565084   -20.496000     0.527000   -58.617000     0.428000     0.520000     1.691000
MUSB  -119.309355    37.169941   -21.855000    -1.764000     2.226000     0.099000     0.117000     0.419000
MUSD  -119.096059    34.261607   -41.323000    20.146000     2.163000     0.337000     0.388000     1.425000
MWTP  -118.944735    37.640519   -21.699000    -2.168000    -0.184000     0.123000     0.153000     0.527000
NEWS  -117.508940    39.685615   -16.588000    -9.667000     0.869000     0.061000     0.077000     0.253000
NHRG  -119.141266    34.498659   -38.306000    12.602000     0.113000     0.037000     0.043000     0.145000
NOCO  -117.569587    33.919711   -35.047000    14.075000    -0.149000     0.042000     0.049000     0.167000
NOPK  -118.348019    33.979739   -37.778000    17.177000    -0.184000     0.132000     0.155000     0.549000
OAT2  -118.601387    34.329894   -37.974000    15.681000     5.441000     0.402000     0.438000     1.655000
OEOC  -117.744142    33.765861   -37.858000    17.283000    -0.874000     0.043000     0.051000     0.173000
OHLN  -122.272995    38.006254   -26.464000     6.597000    -1.688000     0.106000     0.123000     0.444000
ORC5  -120.443074    34.802075   -41.371000    22.395000    -0.172000     0.266000     0.314000     1.114000
ORES  -120.278566    34.739063   -41.537000    22.791000    -6.785000     0.175000     0.212000     0.782000
ORMT  -116.815096    34.674904   -21.019000    -0.179000     0.303000     0.070000     0.083000     0.286000
ORVB  -121.500296    39.554627   -22.266000    -4.466000    -2.672000     0.080000     0.102000     0.326000
OVLS  -119.141954    34.327362   -39.806000    17.753000    -1.211000     0.047000     0.051000     0.215000
OXMT  -122.424323    37.499366   -36.607000    20.529000    -4.156000     0.092000     0.115000     0.507000
OXYC  -118.207322    34.128814   -37.132000    13.574000     0.517000     0.079000     0.094000     0.315000
OZST  -119.353415    34.683373   -38.605000    12.937000     1.477000     0.042000     0.050000     0.181000
P002  -117.186535    39.521137   -16.324000    -9.427000    -0.851000     0.075000     0.094000     0.297000
P056  -119.062875    36.027437   -25.279000     0.032000   -42.600000     0.306000     0.377000     1.246000
P058  -124.075372    40.876306   -10.923000     4.760000     0.802000     0.184000     0.228000     0.855000
P059  -123.726204    38.928349   -37.242000    23.824000    -0.766000     0.042000     0.053000     0.166000
P060  -122.414888    40.997631   -18.628000    -5.273000     1.879000     0.141000     0.192000     0.626000
P067  -121.002968    35.551756   -39.544000    25.395000    -1.025000     0.089000     0.109000     0.363000
P068  -117.984792    39.305642   -16.888000    -9.129000     1.000000     0.070000     0.090000     0.293000
P069  -117.604898    39.287939   -16.444000    -9.460000     0.508000     0.066000     0.082000     0.262000
P071  -117.401184    39.346546   -16.416000    -9.641000     0.473000     0.072000     0.091000     0.294000
P072  -116.740900    39.521454   -16.369000    -9.606000    -0.009000     0.067000     0.085000     0.272000
P078  -117.879809    40.433416   -17.653000    -8.968000     1.329000     0.069000     0.089000     0.278000
P083  -117.467640    40.320580   -16.602000    -9.626000     0.098000     0.047000     0.059000     0.190000
P085  -116.736216    40.495460   -16.597000   -10.013000     0.788000     0.067000     0.084000     0.272000
P090  -119.799857    39.572803   -20.447000    -5.758000    -0.000000     0.088000     0.111000     0.351000
P091  -117.531545    36.614323   -17.216000    -6.615000    -0.318000     0.056000     0.068000     0.218000
P092  -117.406805    36.804193   -16.665000    -7.331000    -0.040000     0.070000     0.086000     0.270000
P093  -117.994148    36.606024   -19.048000    -4.432000     0.219000     0.073000     0.088000     0.299000
P094  -117.704197    37.200835   -17.061000    -7.590000     0.292000     0.066000     0.081000     0.260000
P095  -119.536909    39.698430   -19.316000    -6.444000     0.314000     0.056000     0.070000     0.232000
P096  -119.305646    39.795564   -18.922000    -7.120000     0.054000     0.069000     0.089000     0.295000
P097  -118.873864    39.838805   -18.823000    -7.718000    -1.160000     0.047000     0.059000     0.195000
P098  -118.684418    39.888881   -18.205000    -8.072000    -0.115000     0.055000     0.070000     0.220000
P099  -118.159354    39.212319   -16.999000    -7.955000    -0.550000     0.075000     0.095000     0.294000
P127  -119.599928    39.499213   -19.260000    -5.619000     0.446000     0.105000     0.128000     0.443000
P128  -119.068644    39.486097   -18.494000    -6.992000     0.028000     0.066000     0.083000     0.265000
P129  -118.449606    39.133892   -17.458000    -7.492000     0.545000     0.075000     0.096000     0.298000
P130  -118.937763    39.268034   -18.522000    -6.725000    -1.667000     0.106000     0.134000     0.424000
P131  -118.351272    39.454685   -17.944000    -7.861000    -0.744000     0.088000     0.112000     0.356000
P132  -118.004872    38.728843   -16.893000    -8.345000    -1.105000     0.108000     0.135000     0.429000
P133  -118.460216    38.724601   -17.580000    -6.708000    -0.780000     0.077000     0.098000     0.308000
P134  -118.930417    38.980875   -18.659000    -5.897000     0.150000     0.065000     0.084000     0.257000
P135  -119.015375    38.704621   -19.148000    -4.924000     0.056000     0.090000     0.114000     0.366000
P136  -119.458530    38.761366   -20.229000    -4.375000     0.431000     0.071000     0.088000     0.302000
P137  -119.476771    40.779794   -17.906000    -7.698000    -0.822000     0.052000     0.064000     0.222000
P138  -119.010168    40.242177   -18.217000    -7.943000     0.082000     0.065000     0.076000     0.277000
P139  -119.722456    39.908198   -19.503000    -6.327000    -0.193000     0.097000     0.124000     0.394000
P140  -120.693199    38.829234   -22.425000    -3.676000    -0.468000     0.115000     0.133000     0.506000
P141  -120.385588    39.046632   -22.247000    -3.597000    -0.957000     0.039000     0.048000     0.167000
P142  -119.810721    39.123532   -21.478000    -4.085000    -1.454000     0.100000     0.128000     0.420000
P143  -119.764840    38.760166   -22.047000    -3.518000    -1.624000     0.084000     0.104000     0.331000
P144  -120.892990    39.466703   -22.197000    -3.975000    -1.039000     0.088000     0.106000     0.369000
P146  -120.537304    39.337463   -21.899000    -4.041000    -0.513000     0.029000     0.036000     0.116000
P147  -120.284418    39.937386   -20.265000    -5.228000     1.184000     0.087000     0.111000     0.336000
P148  -120.805965    40.418587   -19.606000    -5.795000    -0.048000     0.089000     0.110000     0.360000
P149  -120.104979    39.602129   -21.225000    -4.922000    -1.306000     0.052000     0.065000     0.208000
P150  -120.033858    39.292380   -21.983000    -4.273000    -0.614000     0.038000     0.045000     0.156000
P151  -120.077267    40.288901   -19.244000    -6.410000    -1.683000     0.085000     0.109000     0.341000
P156  -123.906123    40.024444   -31.744000    12.044000    -1.090000     0.068000     0.086000     0.304000
P157  -124.308079    40.247549   -30.865000    20.573000     0.412000     0.085000     0.110000     0.340000
P158  -124.107211    40.422492   -17.912000    11.044000     2.468000     0.141000     0.181000     0.582000
P159  -124.282785    40.504789   -14.784000    14.080000    -0.497000     0.118000     0.157000     0.485000
P160  -124.133274    40.551253   -14.997000     8.959000     1.187000     0.131000     0.169000     0.523000
P161  -124.213088    40.637364   -11.835000     9.206000    -0.984000     0.156000     0.200000     0.697000
P162  -124.237039    40.691096   -10.086000     8.662000    -0.896000     0.136000     0.183000     0.563000
P163  -124.057295    40.219573   -26.285000    12.456000     1.459000     0.042000     0.053000     0.170000
P164  -123.693346    40.119257   -26.592000     3.371000    -0.200000     0.037000     0.049000     0.171000
P165  -123.853269    40.245549   -24.199000     6.099000     1.850000     0.192000     0.229000     0.814000
P166  -123.862832    40.435184   -18.428000     4.513000     1.792000     0.168000     0.205000     0.774000
P167  -123.880180    40.543705   -16.565000     3.936000     1.446000     0.102000     0.129000     0.407000
P168  -123.881463    40.668638   -14.081000     2.814000     1.757000     0.156000     0.196000     0.623000
P169  -123.967655    40.791145   -12.068000     3.639000     2.182000     0.143000     0.184000     0.569000
P170  -123.863284    40.880232   -14.038000    -0.068000     2.219000     0.084000     0.112000     0.373000
P171  -121.792526    36.485528   -40.247000    24.613000    -1.019000     0.100000     0.123000     0.396000
P172  -121.767252    36.228078   -40.741000    24.451000     0.399000     0.088000     0.110000     0.388000
P173  -121.290341    35.945720   -40.141000    23.653000     0.198000     0.057000     0.069000     0.230000
P174  -121.050906    36.302155   -40.005000    22.659000     0.715000     0.106000     0.131000     0.432000
P175  -121.134865    36.425906   -39.738000    22.926000     0.382000     0.093000     0.114000     0.381000
P176  -122.357147    37.471775   -36.176000    19.233000    -0.779000     0.091000     0.119000     0.404000
P177  -122.495059    37.528170   -36.909000    21.973000    -1.293000     0.059000     0.071000     0.237000
P178  -122.332371    37.534521   -34.214000    17.045000    -0.595000     0.083000     0.091000     0.383000
P180  -121.403246    36.292835   -39.884000    23.572000    -0.143000     0.064000     0.079000     0.255000
P181  -122.376761    37.914547   -30.841000    12.554000    -0.872000     0.079000     0.100000     0.332000
P182  -123.181252    38.495017   -33.429000    20.293000    -1.330000     0.075000     0.095000     0.314000
P183  -123.068894    38.313666   -34.549000    21.633000    -1.197000     0.066000     0.082000     0.262000
P184  -123.708944    39.117167   -35.770000    18.693000    -1.072000     0.031000     0.039000     0.128000
P185  -123.749343    39.261306   -35.179000    17.267000    -1.373000     0.053000     0.067000     0.209000
P186  -123.518159    39.150180   -33.440000    14.407000    -1.488000     0.080000     0.112000     0.413000
P187  -123.602548    39.352479   -34.648000    12.193000     0.247000     0.111000     0.128000     0.487000
P188  -123.229570    38.667859   -32.423000    18.101000    -1.117000     0.050000     0.065000     0.315000
P189  -123.348435    38.987451   -32.568000    14.779000     0.466000     0.059000     0.073000     0.247000
P190  -123.204053    39.241956   -29.545000     6.201000     0.841000     0.097000     0.124000     0.391000
P192  -123.105195    39.319728   -27.770000     3.178000     0.312000     0.086000     0.109000     0.356000
P193  -122.908148    38.122939   -35.035000    21.104000    -0.816000     0.085000     0.108000     0.347000
P194  -122.816264    38.185718   -32.252000    17.336000    -2.219000     0.074000     0.093000     0.304000
P195  -122.959314    38.664667   -29.927000    14.498000     2.207000     0.130000     0.172000     0.775000
P196  -122.742647    38.298145   -29.649000    14.035000    -1.316000     0.072000     0.091000     0.289000
P197  -122.767392    38.428563   -28.678000    14.711000    -1.037000     0.113000     0.143000     0.464000
P198  -122.607456    38.259876   -29.519000    12.518000    -1.380000     0.064000     0.081000     0.263000
P199  -122.503444    38.263693   -27.132000     9.055000    -3.527000     0.119000     0.150000     0.485000
P200  -122.451708    38.239832   -27.195000     8.318000    -1.749000     0.133000     0.168000     0.545000
P201  -122.658439    38.559807   -25.214000     7.028000    -0.976000     0.088000     0.113000     0.352000
P202  -122.496006    38.423582   -26.662000     7.085000    -1.763000     0.118000     0.140000     0.499000
P203  -122.917010    38.866113   -26.903000     5.222000    -0.355000     0.122000     0.153000     0.476000
P204  -122.710539    38.666501   -24.851000     7.276000    -2.858000     0.082000     0.101000     0.331000
P205  -122.963070    39.398124   -27.381000     1.982000    -0.533000     0.104000     0.127000     0.482000
P206  -122.575798    38.777817   -24.085000     3.954000    -1.627000     0.062000     0.081000     0.261000
P207  -122.718572    39.260044   -24.338000    -3.794000    -1.480000     0.095000     0.122000     0.384000
P208  -122.303874    39.109301   -22.574000    -4.463000    -0.040000     0.062000     0.077000     0.251000
P209  -122.126722    37.069257   -38.605000    21.947000     0.250000     0.074000     0.090000     0.304000
P210  -121.731849    36.816140   -39.589000    21.184000    -0.056000     0.053000     0.066000     0.212000
P211  -121.698045    36.879178   -38.854000    20.343000    -0.505000     0.082000     0.107000     0.386000
P212  -121.862741    36.962013   -38.272000    20.805000     0.814000     0.117000     0.135000     0.480000
P213  -121.990843    37.201715   -33.826000    16.804000     0.582000     0.098000     0.116000     0.414000
P214  -121.796576    37.001022   -36.809000    18.699000    -0.050000     0.047000     0.052000     0.280000
P215  -121.762956    37.048787   -34.193000    15.410000    -1.761000     0.125000     0.152000     0.558000
P216  -121.726214    37.002428   -35.054000    16.195000     0.095000     0.073000     0.093000     0.348000
P217  -121.650638    37.104499   -32.104000    11.820000     0.221000     0.106000     0.124000     0.460000
P218  -121.713966    37.203516   -32.570000    11.270000    -0.465000     0.081000     0.100000     0.337000
P219  -122.284828    37.342492   -34.604000    19.341000    -0.728000     0.127000     0.159000     0.516000
P220  -122.214291    37.329890   -35.571000    18.781000    -0.597000     0.044000     0.054000     0.175000
P221  -122.099056    37.336954   -33.587000    16.236000    -0.434000     0.056000     0.072000     0.248000
P222  -122.083270    37.539241   -32.166000    12.479000    -0.903000     0.076000     0.096000     0.310000
P223  -122.099784    37.722055   -27.740000     7.300000    -1.504000     0.088000     0.109000     0.349000
P224  -122.219065    37.863897   -27.094000     7.313000    -0.160000     0.065000     0.083000     0.269000
P225  -122.058333    37.713867   -27.851000     6.296000    -0.621000     0.095000     0.116000     0.401000
P226  -121.825591    37.336777   -30.886000    12.794000     1.403000     0.162000     0.200000     0.654000
P227  -121.789602    37.532975   -24.361000     1.756000     1.234000     0.109000     0.135000     0.435000
P228  -121.686941    37.601836   -23.730000    -0.081000     1.467000     0.111000     0.136000     0.451000
P229  -121.977961    37.749436   -26.256000     4.099000     0.077000     0.061000     0.076000     0.245000
P230  -121.786404    37.818964   -22.953000    -2.274000     0.580000     0.066000     0.081000     0.270000
P231  -121.905417    36.621680   -40.285000    23.267000    -0.607000     0.063000     0.077000     0.253000
P232  -121.579049    36.724023   -39.553000    22.526000     0.614000     0.069000     0.085000     0.277000
P233  -121.420290    36.800428   -29.643000    14.508000    -1.707000     0.099000     0.122000     0.395000
P234  -121.591233    36.858529   -38.725000    20.381000     0.088000     0.098000     0.121000     0.398000
P235  -121.541548    36.814275   -38.945000    22.256000    -1.145000     0.141000     0.171000     0.567000
P236  -121.554467    36.903547   -33.595000    13.546000     2.065000     0.109000     0.133000     0.435000
P237  -121.386837    36.637026   -39.706000    22.674000     1.076000     0.071000     0.087000     0.310000
P238  -121.452774    36.849081   -29.207000    13.129000    -0.117000     0.141000     0.174000     0.571000
P239  -121.547793    36.962463   -32.598000    11.503000     0.015000     0.086000     0.106000     0.350000
P240  -121.542039    37.007808   -31.956000    11.044000    -0.163000     0.043000     0.054000     0.176000
P241  -121.574265    37.213011   -25.341000     1.044000    -0.852000     0.104000     0.128000     0.416000
P242  -121.463189    36.953933   -31.285000    10.933000    -4.506000     0.057000     0.069000     0.235000
P243  -121.335157    36.918189   -24.432000    -0.293000    -0.256000     0.095000     0.117000     0.378000
P244  -121.354522    37.010823   -24.700000    -1.625000     0.642000     0.099000     0.123000     0.416000
P245  -119.706126    37.713116   -22.347000    -2.110000     2.448000     0.105000     0.130000     0.432000
P247  -121.188440    36.559521   -39.594000    22.894000     0.185000     0.086000     0.107000     0.349000
P248  -121.868702    37.975608   -23.216000    -1.561000     0.412000     0.076000     0.096000     0.307000
P249  -121.064416    36.611645   -21.092000     0.269000     1.780000     0.092000     0.113000     0.361000
P250  -121.268443    36.950035   -24.131000    -0.885000    -0.435000     0.134000     0.164000     0.543000
P251  -121.347955    36.811450   -24.399000     2.436000     2.967000     0.110000     0.136000     0.441000
P252  -121.057734    37.169555   -22.807000    -2.530000     2.491000     0.107000     0.132000     0.438000
P253  -121.653014    37.478450   -23.946000     0.199000    -0.618000     0.119000     0.148000     0.532000
P254  -121.469200    37.489632   -23.026000    -1.962000    -0.669000     0.084000     0.106000     0.336000
P255  -121.324857    37.581885   -22.579000    -1.950000     1.630000     0.106000     0.133000     0.430000
P256  -121.604844    37.931964   -22.911000    -2.687000    -0.494000     0.083000     0.103000     0.330000
P257  -121.464040    37.755290   -23.213000    -2.157000    -1.288000     0.066000     0.082000     0.267000
P258  -121.283276    37.385389   -22.642000    -2.837000    -0.517000     0.087000     0.110000     0.368000
P259  -121.100584    37.433019   -22.287000    -2.967000    -1.967000     0.079000     0.099000     0.323000
P260  -121.083957    37.711220   -22.964000    -3.584000     0.088000     0.617000     0.768000     2.474000
P261  -122.217544    38.152960   -23.952000     2.415000    -1.100000     0.082000     0.102000     0.326000
P262  -122.096149    38.025149   -24.787000     3.819000    -0.089000     0.115000     0.147000     0.480000
P263  -122.429181    38.577694   -24.702000     3.407000    -1.251000     0.066000     0.079000     0.269000
P264  -122.195335    38.444214   -23.632000    -0.465000     1.378000     0.137000     0.182000     0.592000
P265  -121.954199    38.530185   -22.721000    -3.123000    -1.726000     0.114000     0.143000     0.469000
P266  -121.843531    38.183968   -22.744000    -2.854000    -1.271000     0.077000     0.100000     0.319000
P267  -121.823239    38.380335   -22.139000    -3.161000    -3.136000     0.034000     0.042000     0.132000
P268  -121.646416    38.473526   -23.768000    -3.706000    -2.822000     0.051000     0.065000     0.204000
P269  -122.354558    38.999525   -20.966000    -3.491000    -1.510000     0.117000     0.132000     0.501000
P270  -122.055218    39.243769   -22.454000    -4.874000    -1.259000     0.069000     0.089000     0.278000
P271  -121.714554    38.657350   -23.391000    -4.001000    -4.088000     0.161000     0.205000     0.657000
P272  -121.943067    39.145481   -21.699000    -5.537000    -2.028000     0.065000     0.084000     0.268000
P273  -121.388083    38.115812   -23.282000    -2.896000    -2.702000     0.101000     0.129000     0.413000
P274  -121.460517    38.283122   -23.704000    -3.465000    -2.204000     0.170000     0.213000     0.714000
P275  -121.214591    38.321528   -22.839000    -3.687000    -1.862000     0.062000     0.078000     0.247000
P276  -121.095170    38.645307   -22.572000    -3.623000     1.599000     0.104000     0.131000     0.411000
P277  -122.366890    37.192375   -38.969000    23.986000    -1.478000     0.074000     0.091000     0.293000
P278  -121.060761    35.711255   -40.175000    22.304000     1.704000     0.064000     0.078000     0.253000
P279  -121.062023    35.790650   -39.758000    22.487000     1.509000     0.072000     0.088000     0.286000
P280  -120.347612    35.544057   -36.265000    18.827000     0.984000     0.046000     0.056000     0.187000
P281  -120.389466    35.841061   -32.209000    16.195000    -0.410000     0.119000     0.144000     0.498000
P282  -120.345219    35.837810   -26.457000     8.263000     2.815000     0.101000     0.124000     0.417000
P283  -120.285261    35.806670   -26.863000     8.301000     0.827000     0.089000     0.108000     0.373000
P284  -120.906851    35.933263   -38.584000    21.075000    -0.466000     0.051000     0.063000     0.206000
P285  -120.981486    36.417180   -23.237000     2.223000     3.170000     0.112000     0.138000     0.453000
P286  -120.853060    36.515909   -22.007000    -0.071000     0.375000     0.099000     0.124000     0.411000
P287  -120.697838    36.024838   -39.005000    21.650000    -0.188000     0.073000     0.092000     0.300000
P288  -120.878908    36.140210   -39.841000    21.903000     0.457000     0.053000     0.064000     0.215000
P289  -120.748823    36.106845   -39.612000    21.739000     0.091000     0.052000     0.063000     0.205000
P290  -120.728257    36.178939   -21.724000     0.447000     0.415000     0.096000     0.117000     0.379000
P291  -120.644777    35.922780   -37.369000    21.162000     0.459000     0.126000     0.156000     0.511000
P292  -120.475280    36.007465   -21.628000     4.959000     1.065000     0.147000     0.174000     0.642000
P293  -120.542998    36.089364   -21.697000     2.846000     1.916000     0.045000     0.055000     0.177000
P294  -120.439886    36.123236   -20.969000     2.541000     3.071000     0.099000     0.121000     0.391000
P295  -120.842390    35.697080   -38.930000    21.581000     0.800000     0.079000     0.096000     0.326000
P296  -120.363565    36.051655   -21.187000     3.385000     1.009000     0.092000     0.110000     0.364000
P297  -120.551864    35.974089   -35.542000    19.916000     1.662000     0.102000     0.120000     0.415000
P298  -120.294063    36.015842   -21.416000     3.137000     1.283000     0.101000     0.124000     0.408000
P299  -120.710202    36.256819   -20.501000     2.632000     3.152000     0.123000     0.136000     0.521000
P300  -120.276984    36.304427   -22.421000    -0.688000    -0.533000     0.232000     0.288000     0.963000
P301  -120.743057    36.806291   -21.394000    -1.926000     1.710000     0.099000     0.124000     0.400000
P302  -120.618579    36.634727   -21.489000    -1.600000     0.344000     0.181000     0.224000     0.734000
P303  -120.705300    37.054383   -22.871000    -0.931000   -32.177000     0.166000     0.202000     0.673000
P304  -120.356603    36.739004   -23.050000    -0.608000   -12.398000     0.322000     0.391000     1.266000
P305  -120.196763    37.352214   -22.451000    -2.393000     2.190000     0.158000     0.198000     0.660000
P306  -120.644463    37.795167   -23.198000    -2.561000     1.164000     0.154000     0.185000     0.618000
P307  -120.057924    36.947270   -25.747000    -0.100000   -47.683000     0.220000     0.271000     0.930000
P308  -119.840203    37.901150   -22.714000    -2.222000    -2.272000     0.117000     0.137000     0.503000
P309  -120.951242    38.089990   -23.808000    -2.642000     1.346000     0.097000     0.120000     0.393000
P310  -120.334342    38.735607   -22.092000    -3.333000     1.629000     0.116000     0.138000     0.483000
P311  -118.519805    37.177562   -20.523000    -2.305000    -0.617000     0.085000     0.105000     0.332000
P312  -123.698382    39.529180   -35.045000    12.683000    -2.946000     0.095000     0.119000     0.507000
P313  -123.564552    39.554290   -34.157000     9.880000    -1.569000     0.071000     0.093000     0.315000
P314  -123.581855    39.685665   -34.530000     7.509000    -1.214000     0.032000     0.041000     0.125000
P315  -123.716903    39.863584   -33.980000     8.385000    -0.166000     0.094000     0.118000     0.408000
P317  -123.551856    39.905670   -29.644000     2.195000    -1.008000     0.047000     0.061000     0.240000
P318  -123.371859    39.452370   -30.328000     3.244000    -2.341000     0.080000     0.102000     0.326000
P319  -123.295085    39.707096   -30.177000    -1.545000     0.418000     0.109000     0.138000     0.453000
P320  -123.186791    39.492827   -29.500000     2.397000    -1.428000     0.110000     0.153000     0.504000
P321  -123.394952    39.897221   -27.185000     3.820000    -1.313000     0.060000     0.065000     0.278000
P322  -123.182486    39.962143   -23.643000    -4.002000    -0.513000     0.094000     0.122000     0.381000
P324  -123.655742    40.256838   -22.756000     1.744000    -0.147000     0.064000     0.083000     0.257000
P325  -123.882610    41.151670   -13.075000    -2.140000     1.996000     0.098000     0.129000     0.398000
P326  -123.698934    40.575313   -18.666000    -2.409000     1.851000     0.172000     0.220000     0.737000
P327  -123.573068    40.478860   -19.492000    -3.391000     0.368000     0.096000     0.125000     0.403000
P329  -123.452051    40.082214   -26.072000     0.569000    -1.107000     0.112000     0.145000     0.446000
P330  -123.135586    40.324068   -21.515000    -4.259000    -0.991000     0.084000     0.110000     0.335000
P331  -123.324147    40.732914   -18.064000    -3.940000    -1.000000     0.094000     0.123000     0.376000
P332  -123.174508    40.546650   -19.909000    -4.230000    -1.146000     0.094000     0.123000     0.383000
P333  -122.975759    39.621380   -23.957000    -3.547000    -1.322000     0.101000     0.124000     0.426000
P334  -122.735876    39.493591   -23.263000    -3.995000    -0.548000     0.069000     0.087000     0.275000
P335  -122.873642    39.726189   -23.230000    -4.217000    -0.549000     0.038000     0.048000     0.153000
P336  -122.430488    39.528079   -22.199000    -4.938000    -0.283000     0.057000     0.073000     0.226000
P337  -122.868809    40.296188   -21.241000    -4.914000    -0.473000     0.078000     0.095000     0.329000
P338  -122.923033    40.747552   -19.187000    -4.780000     0.139000     0.059000     0.076000     0.243000
P339  -122.668254    40.034110   -21.682000    -4.782000    -0.845000     0.079000     0.101000     0.319000
P340  -123.049828    39.409338   -23.718000    -4.568000    -2.231000     0.165000     0.208000     0.993000
P341  -122.606904    40.650655   -20.034000    -5.138000     0.052000     0.056000     0.074000     0.239000
P343  -123.334214    40.887128   -17.467000    -3.805000    -0.875000     0.090000     0.118000     0.360000
P344  -122.027976    39.929122   -22.310000    -4.844000     0.672000     0.108000     0.138000     0.434000
P345  -122.270811    40.271234   -21.393000    -5.237000     0.234000     0.062000     0.079000     0.259000
P346  -120.867468    39.794709   -22.261000    -4.444000    -1.634000     0.094000     0.124000     0.381000
P347  -120.948466    41.183342   -18.552000    -6.753000    -0.565000     0.104000     0.137000     0.423000
P348  -121.828007    40.905545   -19.481000    -6.161000    -0.481000     0.040000     0.052000     0.160000
P349  -122.319355    40.731085   -19.642000    -5.865000     2.964000     0.140000     0.168000     0.609000
P462  -116.628711    36.071315   -14.971000    -7.729000    -0.615000     0.075000     0.092000     0.331000
P463  -117.164676    36.022464   -17.035000    -5.229000    -0.558000     0.079000     0.093000     0.322000
P464  -117.410004    36.159044   -17.979000    -5.056000    -0.135000     0.067000     0.081000     0.282000
P465  -118.132437    36.466833   -21.418000    -1.249000    -0.128000     0.142000     0.177000     0.564000
P466  -117.789464    36.531248   -18.510000    -5.434000     0.134000     0.183000     0.226000     0.728000
P467  -118.090627    36.570201   -19.880000    -2.778000     0.323000     0.069000     0.079000     0.298000
P468  -118.118366    36.975681   -18.698000    -4.741000     1.139000     0.102000     0.127000     0.399000
P469  -117.935813    37.231424   -17.634000    -6.517000     1.055000     0.110000     0.134000     0.435000
P470  -117.393894    34.462405   -24.928000     4.799000     0.812000     0.073000     0.085000     0.296000
P512  -119.694451    37.562635   -22.391000    -1.981000     0.585000     0.186000     0.215000     0.756000
P513  -120.650180    34.907266   -41.568000    23.621000     0.341000     0.064000     0.077000     0.256000
P514  -120.409756    35.010717   -40.976000    22.279000     0.959000     0.060000     0.072000     0.245000
P515  -120.239858    34.870557   -41.313000    20.893000    -0.259000     0.079000     0.095000     0.320000
P516  -120.383399    35.106204   -39.725000    21.530000     0.275000     0.053000     0.063000     0.225000
P517  -118.177578    34.376367   -34.625000    11.085000     0.738000     0.063000     0.075000     0.253000
P518  -120.075314    35.020036   -39.419000    18.537000     0.401000     0.099000     0.119000     0.390000
P519  -119.792444    34.507814   -42.046000    19.091000    -0.121000     0.051000     0.059000     0.205000
P520  -119.616413    34.630486   -41.349000    16.146000     0.553000     0.077000     0.093000     0.305000
P521  -119.815362    34.888570   -39.575000    17.265000     0.765000     0.093000     0.112000     0.366000
P522  -119.536068    35.086612   -31.345000     8.421000     2.982000     0.125000     0.151000     0.498000
P523  -120.860280    35.304453   -40.271000    24.219000     0.469000     0.100000     0.125000     0.430000
P525  -120.808148    35.425770   -39.526000    23.781000     0.409000     0.046000     0.055000     0.180000
P526  -120.869744    35.635977   -38.576000    22.015000    -0.845000     0.164000     0.198000     0.692000
P527  -120.604761    35.754147   -37.722000    20.227000    -0.756000     0.094000     0.114000     0.385000
P528  -120.545455    35.327814   -38.785000    22.006000    -0.266000     0.080000     0.098000     0.324000
P529  -120.353835    35.440454   -37.265000    19.463000     1.430000     0.061000     0.073000     0.243000
P530  -120.480440    35.624804   -36.922000    20.349000    -0.154000     0.052000     0.063000     0.206000
P531  -120.536607    35.792693   -36.664000    20.410000     0.254000     0.106000     0.131000     0.438000
P532  -120.267033    35.633813   -33.703000    15.767000     1.189000     0.079000     0.095000     0.323000
P533  -120.370959    35.747932   -34.195000    17.057000     2.672000     0.110000     0.134000     0.443000
P534  -122.237618    37.061234   -39.185000    23.117000    -0.159000     0.070000     0.086000     0.282000
P535  -120.101428    35.235130   -37.309000    17.763000     1.058000     0.052000     0.059000     0.216000
P536  -120.025026    35.279770   -35.927000    16.184000     0.776000     0.090000     0.111000     0.378000
P537  -119.935347    35.316798   -33.890000    13.649000     0.824000     0.080000     0.098000     0.327000
P538  -120.112505    35.534175   -33.070000    12.921000     1.882000     0.125000     0.151000     0.518000
P539  -120.182055    35.702675   -27.692000     8.737000     1.146000     0.068000     0.083000     0.272000
P540  -120.130641    35.801280   -24.375000     4.908000     0.467000     0.080000     0.095000     0.326000
P541  -120.000683    35.686732   -25.031000     4.847000     1.300000     0.085000     0.103000     0.347000
P542  -120.292606    35.688912   -33.442000    15.510000     0.581000     0.107000     0.132000     0.432000
P543  -119.713226    35.318993   -27.959000     7.540000     2.363000     0.091000     0.111000     0.399000
P544  -119.738039    35.731268   -22.499000     1.564000    -6.001000     0.089000     0.108000     0.357000
P545  -119.535812    35.499842   -24.142000     1.690000   -10.608000     0.176000     0.210000     0.705000
P546  -120.154888    35.927904   -21.935000     3.654000     1.371000     0.083000     0.102000     0.332000
P547  -119.909365    35.934704   -21.481000     2.259000     0.603000     0.089000     0.108000     0.356000
P548  -119.503951    34.466808   -41.042000    16.026000     0.585000     0.069000     0.082000     0.271000
P549  -119.326346    34.599602   -39.418000    13.131000     1.626000     0.055000     0.066000     0.223000
P550  -119.114626    34.660085   -36.832000    11.081000     1.696000     0.054000     0.063000     0.218000
P551  -119.154576    34.856200   -32.617000     9.253000     1.242000     0.063000     0.089000     0.442000
P552  -120.244966    35.686727   -32.462000    14.178000     0.800000     0.109000     0.132000     0.436000
P553  -118.878973    34.835095   -30.358000     7.257000     1.941000     0.042000     0.050000     0.166000
P554  -118.848034    34.792298   -32.710000     7.575000     1.240000     0.064000     0.078000     0.268000
P555  -118.669428    34.694992   -31.656000    10.090000     1.137000     0.103000     0.125000     0.451000
P556  -118.545458    34.771110   -28.257000     8.240000    -1.504000     0.051000     0.061000     0.205000
P557  -118.655591    34.944385   -25.789000     4.284000     1.360000     0.043000     0.052000     0.181000
P558  -118.611659    35.138606   -24.433000     2.479000     0.349000     0.089000     0.108000     0.357000
P559  -118.617603    34.838910   -26.490000     6.009000     0.821000     0.112000     0.135000     0.464000
P560  -118.540871    34.821812   -26.369000     6.172000     0.442000     0.044000     0.052000     0.182000
P561  -118.399060    34.618461   -30.939000     9.726000     0.550000     0.186000     0.162000     0.993000
P562  -118.188748    34.982134   -22.142000     4.032000    -0.171000     0.045000     0.053000     0.176000
P563  -119.421170    35.418669   -22.522000     1.968000    -8.950000     0.164000     0.198000     0.665000
P564  -119.349394    35.622911   -24.479000     0.096000   -18.333000     0.333000     0.402000     1.345000
P565  -119.236657    35.743894   -23.748000     0.946000    -3.309000     0.362000     0.435000     1.462000
P566  -119.229291    36.324454   -23.226000    -1.684000   -11.281000     0.073000     0.090000     0.298000
P567  -118.753581    35.420946   -23.625000     0.408000     1.506000     0.124000     0.149000     0.504000
P568  -118.126517    35.254307   -21.897000     1.328000     0.042000     0.069000     0.083000     0.274000
P569  -118.123771    35.377969   -21.774000     0.793000     0.114000     0.052000     0.062000     0.206000
P570  -118.260043    35.667348   -21.513000    -0.277000     1.210000     0.066000     0.078000     0.267000
P571  -118.766720    36.231366   -21.509000    -0.664000     2.472000     0.158000     0.189000     0.645000
P572  -118.954600    36.585516   -21.725000    -1.100000     1.837000     0.172000     0.212000     0.682000
P573  -118.260503    36.093094   -21.274000    -1.266000     1.363000     0.089000     0.107000     0.352000
P574  -117.633891    34.286771   -31.892000     8.666000     0.762000     0.069000     0.079000     0.279000
P575  -117.542166    34.215514   -32.571000    11.230000     0.320000     0.161000     0.192000     0.650000
P576  -120.970007    35.669665   -40.029000    21.432000     0.909000     0.075000     0.090000     0.402000
P577  -117.318918    34.304606   -26.780000     5.338000     1.079000     0.044000     0.051000     0.174000
P578  -120.239036    35.694332   -30.784000    12.062000     0.782000     0.118000     0.145000     0.493000
P579  -118.005769    35.038763   -21.086000     3.505000    -0.445000     0.046000     0.054000     0.180000
P580  -117.192228    35.620947   -18.402000    -2.680000    -0.695000     0.073000     0.089000     0.288000
P581  -117.729006    34.509740   -26.367000     6.399000     0.632000     0.072000     0.085000     0.283000
P582  -117.548864    34.634259   -23.558000     3.885000     0.043000     0.095000     0.114000     0.383000
P583  -117.543396    34.987004   -20.465000     2.206000    -0.568000     0.043000     0.051000     0.172000
P584  -116.951646    33.892604   -28.725000     9.118000     0.354000     0.099000     0.117000     0.388000
P586  -117.280525    34.534844   -23.622000     3.653000     0.324000     0.081000     0.088000     0.352000
P587  -118.031343    34.332235   -34.508000    11.067000     0.147000     0.095000     0.114000     0.385000
P588  -117.267603    34.785438   -21.500000     2.237000    -0.966000     0.119000     0.149000     0.503000
P589  -117.110194    34.620667   -22.333000     2.178000     0.291000     0.069000     0.082000     0.275000
P590  -117.364754    35.116778   -19.335000     1.022000    -0.562000     0.100000     0.120000     0.403000
P591  -118.016478    35.152425   -20.649000     2.772000    -0.558000     0.043000     0.051000     0.169000
P592  -117.303233    35.238552   -18.641000     0.381000    -1.460000     0.115000     0.138000     0.459000
P593  -117.205062    35.387870   -17.717000    -1.124000    -0.736000     0.072000     0.087000     0.282000
P594  -117.390135    35.896709   -18.716000    -3.919000    -0.198000     0.068000     0.083000     0.304000
P595  -117.402832    35.697557   -19.049000    -2.550000    -0.436000     0.057000     0.069000     0.226000
P596  -116.889525    35.998176   -16.512000    -6.764000    -0.415000     0.081000     0.095000     0.327000
P597  -116.888399    35.710599   -16.972000    -5.107000    -0.620000     0.068000     0.083000     0.268000
P598  -116.710271    34.192462   -22.439000     3.801000     0.900000     0.071000     0.083000     0.281000
P602  -120.227898    35.729166   -28.038000     9.020000     1.589000     0.105000     0.126000     0.425000
P604  -116.671457    34.936827   -18.247000    -3.974000    -0.055000     0.071000     0.086000     0.287000
P605  -117.936671    34.341129   -33.539000    10.255000     0.954000     0.065000     0.079000     0.279000
P606  -116.879628    34.462064   -22.504000     1.963000     0.483000     0.067000     0.080000     0.266000
P609  -116.892822    34.062687   -24.983000     7.228000     1.446000     0.113000     0.134000     0.524000
P612  -117.315522    34.187383   -29.501000     7.766000     0.541000     0.072000     0.086000     0.291000
P613  -117.049967    34.196190   -24.145000     7.899000    -0.166000     0.237000     0.243000     1.053000
P615  -116.762912    35.204608   -17.381000    -3.669000    -0.175000     0.071000     0.085000     0.280000
P616  -117.893337    35.424564   -20.560000     0.421000     0.289000     0.072000     0.086000     0.286000
P617  -116.571647    35.320642   -16.307000    -6.029000    -0.108000     0.072000     0.087000     0.284000
P627  -118.378528    37.973100   -17.122000    -5.147000    -1.215000     0.104000     0.131000     0.415000
P628  -119.249357    37.934230   -22.917000    -1.620000    -0.032000     0.039000     0.047000     0.158000
P629  -119.179377    37.375866   -22.064000    -2.174000     1.917000     0.073000     0.090000     0.287000
P630  -119.000446    37.613036   -23.371000    -4.354000     1.887000     0.204000     0.249000     0.806000
P631  -118.915943    37.605324   -21.348000    -7.037000     4.524000     0.204000     0.264000     0.897000
P632  -119.086078    37.785665   -22.302000    -1.125000     1.858000     0.118000     0.135000     0.547000
P633  -119.032991    37.913460   -21.335000    -0.501000     1.302000     0.123000     0.151000     0.475000
P634  -119.025784    37.696592   -22.654000    -0.831000     0.704000     0.109000     0.125000     0.471000
P635  -119.137994    37.839313   -22.669000    -1.029000     2.217000     0.127000     0.151000     0.526000
P636  -119.146710    37.962771   -22.730000    -1.271000     1.408000     0.065000     0.080000     0.254000
P637  -119.083702    37.914105   -21.901000    -1.187000     1.614000     0.112000     0.137000     0.439000
P638  -118.943482    37.734317   -21.271000     1.575000     5.920000     0.155000     0.191000     0.607000
P639  -118.868712    37.654562   -17.873000    -2.863000     5.404000     0.193000     0.239000     0.769000
P640  -118.960411    37.891738   -20.579000    -0.378000     3.306000     0.174000     0.210000     0.706000
P641  -118.851923    37.878189   -18.662000     0.154000     3.261000     0.160000     0.196000     0.628000
P642  -118.816674    37.591366   -20.818000    -5.268000     1.102000     0.220000     0.285000     0.937000
P643  -118.698165    37.561552   -18.436000    -3.783000     1.026000     0.107000     0.143000     0.489000
P644  -118.684406    37.495392   -20.184000    -4.641000     0.165000     0.164000     0.204000     0.639000
P645  -118.593459    37.541271   -18.220000    -4.013000     2.674000     0.094000     0.116000     0.370000
P646  -118.819991    37.677034   -17.039000    -2.750000     2.934000     0.206000     0.255000     0.815000
P647  -118.767709    37.754361   -16.486000    -1.283000     3.889000     0.162000     0.205000     0.729000
P648  -119.019216    37.800015   -22.694000     0.132000     2.520000     0.156000     0.192000     0.623000
P649  -118.736233    37.903456   -17.641000    -1.887000     1.332000     0.189000     0.233000     0.751000
P650  -118.554904    37.891276   -16.432000    -3.478000     1.700000     0.106000     0.128000     0.427000
P651  -118.386986    37.563109   -17.487000    -5.026000     1.112000     0.100000     0.120000     0.404000
P652  -118.238455    37.589157   -17.261000    -6.068000     0.546000     0.109000     0.137000     0.434000
P653  -118.471663    37.737499   -16.980000    -4.403000     1.534000     0.115000     0.140000     0.471000
P654  -119.150193    38.057934   -21.381000    -2.886000     0.085000     0.082000     0.099000     0.327000
P664  -121.495909    40.473195   -19.506000    -3.876000    -8.626000     0.050000     0.068000     0.262000
P665  -121.525758    40.456128   -17.981000    -2.667000    -6.244000     0.043000     0.057000     0.179000
P666  -121.514513    40.465345   -18.618000    -2.848000    -7.498000     0.037000     0.048000     0.158000
P667  -121.467445    40.465826   -22.642000    -3.081000    -7.777000     0.060000     0.078000     0.300000
P668  -121.463081    40.508993   -21.775000    -7.295000    -5.158000     0.044000     0.059000     0.201000
P669  -121.603790    40.492124   -19.213000    -5.423000    -0.291000     0.120000     0.134000     0.543000
P670  -121.577200    40.539904   -19.237000    -6.707000    -0.577000     0.117000     0.147000     0.558000
P671  -121.428213    40.409141   -22.620000    -1.719000    -4.198000     0.054000     0.058000     0.254000
P723  -118.724780    37.380426   -20.313000    -3.307000     0.947000     0.061000     0.068000     0.305000
P724  -118.561073    37.439476   -19.172000    -3.964000     2.427000     0.103000     0.124000     0.417000
P725  -119.745610    37.088895   -22.133000    -1.565000     0.290000     0.100000     0.123000     0.410000
P726  -118.146700    37.280528   -18.257000    -5.651000     1.302000     0.104000     0.128000     0.411000
P727  -118.466777    37.273578   -19.933000    -3.503000     1.855000     0.093000     0.116000     0.369000
P729  -119.096066    34.263083   -40.786000    18.281000    -5.411000     0.193000     0.223000     0.825000
P781  -121.071562    37.698981   -22.849000    -3.262000     0.078000     0.155000     0.197000     0.643000
P782  -120.216196    35.693821   -29.131000    11.165000     0.567000     0.135000     0.163000     0.571000
P787  -121.580838    36.799479   -39.156000    21.765000    -0.449000     0.138000     0.170000     0.618000
P788  -121.478769    36.744338   -39.534000    22.652000    -1.029000     0.110000     0.132000     0.458000
P789  -120.471733    35.946588   -24.671000     6.781000     1.268000     0.134000     0.158000     0.578000
P790  -120.515382    35.929150   -35.474000    19.207000     1.958000     0.121000     0.153000     0.622000
P793  -123.573134    40.478753   -19.472000    -3.042000     0.410000     0.084000     0.107000     0.343000
P794  -122.963761    39.845679   -23.132000    -4.178000     0.164000     0.049000     0.063000     0.197000
P799  -118.306355    33.927650   -36.591000    17.972000    -0.199000     0.108000     0.127000     0.437000
P800  -118.349074    34.021692   -37.518000    16.886000     1.282000     0.139000     0.170000     0.580000
P808  -118.621458    34.836020   -27.509000     7.007000     2.647000     0.327000     0.386000     1.327000
P809  -119.236759    35.743900   -23.905000     1.722000    -7.295000     0.331000     0.394000     1.319000
P810  -119.236722    35.743957   -24.603000     1.455000    -7.156000     0.331000     0.393000     1.326000
P811  -118.016610    35.152432   -20.878000     3.314000    -1.352000     0.123000     0.147000     0.493000
P812  -118.016538    35.152500   -20.921000     3.191000    -1.354000     0.147000     0.175000     0.587000
PBHR  -121.272419    35.708956   -40.377000    25.109000    -0.319000     0.084000     0.101000     0.358000
PBL1  -122.418955    37.853056   -34.477000     9.968000    -0.379000     0.163000     0.202000     0.693000
PBPP  -117.922577    34.508228   -28.636000     7.771000     0.392000     0.068000     0.081000     0.277000
PEA1  -120.758599    36.186907   -23.496000     0.892000     4.956000     0.329000     0.389000     1.350000
PEA2  -120.766847    36.180533   -40.627000    21.216000     5.112000     0.323000     0.383000     1.302000
PERL  -116.686374    36.901812   -15.594000    -8.861000    -0.145000     0.131000     0.157000     0.536000
PHIN  -117.033942    36.980369   -15.631000    -8.779000    -0.002000     0.110000     0.135000     0.448000
PHLB  -117.694483    34.925424   -21.263000     3.318000    -0.693000     0.045000     0.053000     0.179000
PKDB  -120.541566    35.945242   -35.354000    19.821000     1.291000     0.096000     0.116000     0.491000
PKRD  -118.232911    34.071562   -37.614000    14.035000    -0.287000     0.073000     0.075000     0.303000
PLSB  -121.762559    38.685039   -23.784000    -3.951000   -27.538000     0.067000     0.085000     0.274000
PMHS  -118.153693    33.902637   -37.908000    16.645000    -0.855000     0.199000     0.233000     0.811000
PMTN  -119.056933    37.831372   -21.619000    -0.622000     2.941000     0.113000     0.139000     0.465000
POMM  -120.478443    35.919914   -35.927000    16.735000     1.103000     0.094000     0.113000     0.399000
POTB  -121.935391    38.202625   -22.121000    -2.347000    -0.190000     0.171000     0.210000     0.726000
PPBF  -117.182095    33.835729   -33.605000    13.130000     0.052000     0.075000     0.085000     0.315000
PPT1  -122.389961    37.187090   -40.503000    23.860000    -1.418000     0.159000     0.194000     0.669000
PSDM  -117.807098    34.091767   -35.598000    12.594000    -0.088000     0.077000     0.095000     0.329000
PTRB  -123.018727    37.996179   -37.804000    24.359000    -0.962000     0.044000     0.054000     0.186000
PTRO  -121.944171    38.209495   -24.077000    -3.112000    -0.763000     0.206000     0.259000     0.931000
PVHS  -118.372172    33.779457   -39.743000    18.923000    -0.794000     0.049000     0.057000     0.234000
PVRS  -118.320595    33.773866   -39.486000    18.621000    -0.124000     0.058000     0.073000     0.266000
QCY2  -121.137355    36.161069   -40.725000    22.490000     3.440000     0.433000     0.518000     1.748000
QHTP  -118.244819    34.628682   -28.324000     8.375000     0.572000     0.055000     0.065000     0.237000
QUIN  -120.944433    39.974553   -21.325000    -4.794000    -1.438000     0.052000     0.066000     0.219000
RAMT  -117.683353    35.338716   -19.043000     1.286000    -0.294000     0.068000     0.081000     0.267000
RAPT  -119.448708    36.664922   -23.911000    -0.840000     1.741000     0.196000     0.237000     0.796000
RBRU  -119.828671    36.759126   -22.936000    -0.891000    -7.107000     0.114000     0.138000     0.474000
RCA2  -119.720004    34.499984   -41.535000    17.897000     1.099000     0.041000     0.048000     0.163000
RDMT  -116.624690    34.643940   -20.217000    -1.749000     0.336000     0.070000     0.082000     0.278000
RDOM  -118.897947    37.677068   -18.622000    -1.806000     5.741000     0.168000     0.211000     0.717000
RHCG  -118.013356    34.000904   -37.236000    15.825000    -0.491000     0.209000     0.232000     0.818000
RHCL  -118.026177    34.019053   -37.151000    14.520000    -0.251000     0.072000     0.085000     0.321000
RNCH  -120.524833    35.899997   -36.305000    19.936000     0.915000     0.029000     0.035000     0.123000
RNO1  -119.885819    39.537907   -20.160000    -6.094000     2.289000     0.051000     0.064000     0.209000
ROCK  -118.676438    34.235677   -38.284000    17.525000     0.500000     0.080000     0.098000     0.332000
ROCP  -122.062950    37.816418   -26.400000     5.505000    -1.086000     0.095000     0.119000     0.384000
ROGE  -117.085474    36.217876   -16.208000    -6.374000    -0.329000     0.207000     0.247000     0.875000
RSTP  -118.192930    34.875082   -22.989000     5.383000    -0.379000     0.069000     0.081000     0.285000
RSVY  -119.184441    34.541478   -38.464000    12.423000     1.283000     0.056000     0.065000     0.240000
RTHS  -117.353340    34.089152   -31.707000    11.718000    -1.257000     0.075000     0.088000     0.302000
RYAN  -116.650081    36.316282   -15.538000    -8.201000    -0.175000     0.152000     0.184000     0.620000
S300  -121.558273    37.666507   -23.043000    -2.062000     1.216000     0.083000     0.102000     0.335000
SAOB  -121.447193    36.765307   -39.671000    22.783000     0.408000     0.054000     0.065000     0.234000
SAWC  -118.953170    37.689896   -21.032000    -2.890000    -1.157000     0.148000     0.171000     0.641000
SBR5  -120.227284    34.510558   -41.671000    22.212000     0.551000     0.259000     0.292000     1.049000
SBRB  -122.410848    37.686452   -32.897000    17.376000    -0.781000     0.077000     0.106000     0.431000
SBRN  -122.410448    37.686221   -33.988000    14.829000    -3.752000     0.246000     0.342000     1.240000
SCCP  -122.002069    37.651846   -27.586000     6.577000    -0.842000     0.091000     0.114000     0.364000
SCIA  -117.388305    34.607447   -23.429000     3.995000    -0.310000     0.100000     0.119000     0.405000
SFDM  -118.754513    34.459807   -36.789000    12.959000     0.697000     0.084000     0.104000     0.435000
SGDM  -117.861708    34.205630   -35.206000    11.041000     0.416000     0.095000     0.100000     0.408000
SGHS  -118.108983    34.088628   -35.326000    13.715000    -1.047000     0.215000     0.227000     0.946000
SGPS  -116.695690    33.912537   -26.255000     7.499000    -0.673000     0.092000     0.114000     0.399000
SHIN  -120.225048    40.591678   -18.606000    -6.815000    -0.131000     0.069000     0.089000     0.294000
SHN5  -120.347063    35.674245   -35.862000    17.648000     0.508000     0.122000     0.145000     0.488000
SHP5  -120.671286    35.268635   -40.005000    22.553000     4.497000     0.241000     0.279000     0.976000
SHRC  -118.945631    37.624938   -20.986000    -4.358000     6.361000     0.131000     0.169000     0.568000
SILK  -118.263878    34.102864   -38.059000    14.159000    -0.560000     0.127000     0.139000     0.550000
SIMM  -119.997809    35.351114   -36.482000    13.574000     3.653000     0.169000     0.201000     0.692000
SJB5  -121.579737    36.861360   -40.373000    19.974000     3.604000     0.465000     0.557000     1.867000
SKYB  -118.478636    34.438626   -34.770000    10.697000     1.295000     0.081000     0.095000     0.397000
SLAC  -122.204270    37.416520   -34.636000    16.368000     0.024000     0.077000     0.092000     0.316000
SLI4  -119.884292    39.314277   -20.328000    -4.071000     1.335000     0.333000     0.422000     1.553000
SLID  -119.884292    39.314277   -21.551000    -5.033000    -0.226000     0.097000     0.125000     0.402000
SLN5  -121.633229    36.667046   -39.896000    22.838000     0.855000     0.246000     0.297000     1.011000
SNHS  -117.928634    33.927340   -37.198000    15.725000    -0.452000     0.130000     0.148000     0.546000
SNOG  -116.807794    34.035212   -23.774000     6.506000     1.363000     0.125000     0.144000     0.580000
SODB  -121.925526    37.166407   -33.452000    15.416000    -2.978000     0.133000     0.169000     0.676000
SOMT  -119.064340    34.319942   -38.841000    18.261000    -0.153000     0.107000     0.126000     0.423000
SPK1  -118.646168    34.059345   -39.429000    18.292000     0.233000     0.074000     0.086000     0.300000
SPMS  -117.848782    33.992656   -36.422000    13.882000    -1.148000     0.111000     0.129000     0.464000
SRB1  -122.266968    37.874359   -30.081000    12.417000    -2.698000     0.114000     0.147000     0.478000
SRS1  -120.065228    34.004339   -41.892000    24.314000    -0.662000     0.041000     0.048000     0.168000
STEA  -119.883678    39.625542   -20.550000    -5.642000    -0.445000     0.051000     0.066000     0.210000
SUAA  -122.173296    37.426909   -32.952000    14.746000     0.253000     0.252000     0.307000     1.017000
SUTB  -121.820604    39.205835   -22.673000    -4.665000    -0.806000     0.021000     0.027000     0.085000
SVIN  -122.526325    38.033181   -31.451000    12.520000    -0.923000     0.069000     0.090000     0.304000
SWEP  -122.457703    37.611686   -35.282000    19.493000    -1.719000     0.093000     0.116000     0.371000
SYNG  -120.069562    34.607233   -42.912000    21.537000    -0.662000     0.120000     0.147000     0.501000
T3RP  -122.588262    37.927891   -33.342000    15.616000    -1.385000     0.087000     0.109000     0.351000
TABL  -117.678288    34.381850   -30.138000     7.979000     0.473000     0.073000     0.092000     0.332000
TABV  -117.678288    34.381850   -29.828000     7.957000    -0.495000     0.139000     0.178000     0.621000
TAFT  -119.485173    35.156546   -28.767000     6.125000    -2.618000     0.206000     0.243000     0.831000
TATE  -116.574277    36.931615   -15.565000    -8.884000     0.131000     0.143000     0.172000     0.589000
TBLP  -120.360341    35.917412   -24.550000     5.514000     0.959000     0.114000     0.136000     0.529000
TEHA  -118.469798    35.143060   -23.969000     2.955000     2.051000     0.206000     0.245000     0.830000
THAL  -121.935496    37.351488   -33.007000    11.927000     0.869000     0.359000     0.449000     1.494000
THCP  -118.414576    35.158183   -23.236000     2.194000    -0.018000     0.072000     0.088000     0.287000
TIBB  -122.447609    37.890877   -31.725000    13.356000    -1.214000     0.070000     0.080000     0.335000
TILC  -118.862858    37.618887   -19.242000    -4.572000     4.227000     0.171000     0.226000     0.785000
TJRN  -120.132571    34.483477   -41.647000    22.306000    -0.038000     0.033000     0.040000     0.141000
TOIY  -117.049411    39.542171   -16.330000    -9.455000    -0.229000     0.035000     0.043000     0.140000
TONO  -117.184044    38.097192   -16.201000    -9.158000    -0.356000     0.041000     0.051000     0.163000
TORP  -118.330611    33.797801   -38.996000    18.181000    -0.474000     0.080000     0.094000     0.324000
TOST  -118.836672    34.247959   -38.976000    18.266000    -0.662000     0.049000     0.057000     0.198000
TRCP  -122.615863    37.997426   -32.710000    15.309000    -1.438000     0.071000     0.089000     0.290000
TRLK  -120.828653    37.466642   -23.408000    -2.025000    -3.037000     0.147000     0.182000     0.609000
TRND  -124.150869    41.053887    -9.337000     3.767000    -0.682000     0.129000     0.166000     0.525000
TUNG  -118.257509    40.403200   -17.807000    -8.622000     0.696000     0.062000     0.076000     0.277000
TWMS  -117.725527    33.972457   -35.858000    13.196000    -2.110000     0.096000     0.105000     0.423000
UCD1  -121.751236    38.536239   -22.635000    -3.387000   -11.056000     0.117000     0.149000     0.489000
UCLP  -118.441917    34.069124   -38.079000    16.323000     0.143000     0.046000     0.053000     0.195000
UCSB  -119.843822    34.413309   -41.294000    19.818000     0.875000     0.107000     0.123000     0.466000
UCSF  -122.458157    37.762970   -32.534000    15.640000    -0.530000     0.085000     0.108000     0.348000
UPSA  -118.802284    39.627111   -18.435000    -7.679000    -0.317000     0.041000     0.052000     0.160000
USC1  -118.285122    34.023953   -37.488000    16.761000    -1.502000     0.146000     0.171000     0.695000
USLO  -120.661101    35.311808   -39.741000    23.112000    -0.165000     0.073000     0.089000     0.335000
VAN1  -120.563516    34.826618   -41.263000    23.831000     1.730000     0.189000     0.220000     0.804000
VAN2  -120.563301    34.826463   -42.958000    24.105000    -1.408000     0.588000     0.688000     2.500000
VCST  -119.483866    34.851505   -37.281000    13.191000     0.080000     0.043000     0.051000     0.178000
VCVL  -121.946945    38.394530   -22.981000    -2.822000    -2.606000     0.090000     0.114000     0.366000
VDCY  -118.220007    34.178567   -36.908000    13.361000    -1.214000     0.097000     0.104000     0.472000
VIMT  -118.514420    34.126450   -38.423000    16.683000     0.679000     0.107000     0.127000     0.428000
VINE  -117.363420    36.995341   -16.211000    -7.977000    -0.183000     0.291000     0.346000     1.265000
VINZ  -118.939012    34.962393   -29.552000     6.807000    -0.355000     0.280000     0.331000     1.175000
VNCO  -119.237677    34.275768   -40.638000    18.619000    -2.278000     0.114000     0.137000     0.490000
VNCX  -118.484547    34.293195   -37.282000    13.874000     0.809000     0.042000     0.049000     0.166000
VNDP  -120.616459    34.556315   -42.557000    23.683000    -0.032000     0.040000     0.046000     0.171000
VNPS  -118.121164    34.501483   -31.855000    10.136000    -0.127000     0.110000     0.126000     0.453000
VONS  -116.622931    36.594097   -15.481000    -8.466000    -0.645000     0.216000     0.264000     0.888000
VYAS  -117.992056    34.030918   -32.761000    15.584000    -1.905000     0.242000     0.287000     1.183000
WASG  -118.556983    35.738389   -23.828000    -0.166000    -1.504000     0.323000     0.395000     1.471000
WATC  -118.653890    37.664331   -17.258000    -3.304000     1.951000     0.135000     0.169000     0.547000
WCHS  -117.911117    34.061900   -37.967000    14.638000    -2.127000     0.112000     0.128000     0.476000
WDCB  -122.540654    40.580099   -20.383000    -5.717000    -0.590000     0.237000     0.323000     0.992000
WGPP  -118.983694    35.010849   -27.928000     5.949000    -1.600000     0.080000     0.096000     0.342000
WHC1  -118.031176    33.979887   -38.332000    15.682000    -3.146000     0.163000     0.188000     0.663000
WIN2  -122.140634    37.652653   -31.288000    12.211000    -1.242000     0.078000     0.097000     0.313000
WINT  -122.140574    37.652645   -31.731000    11.917000    -0.780000     0.063000     0.079000     0.278000
WKPK  -118.741524    34.568500   -35.007000    10.566000     1.163000     0.041000     0.048000     0.174000
WLSN  -118.055919    34.226123   -36.556000    11.104000     0.367000     0.047000     0.056000     0.208000
WMAP  -118.414298    34.259426   -37.045000    14.586000    -0.235000     0.071000     0.086000     0.308000
WNRA  -118.059265    34.043240   -36.379000    15.831000    -4.256000     0.113000     0.136000     0.465000
WOMT  -116.931670    34.669014   -21.516000     1.325000    -0.305000     0.100000     0.118000     0.410000
WRHS  -118.427614    33.958155   -38.575000    18.207000     1.549000     0.136000     0.145000     0.516000
WWMT  -116.653861    33.955314   -24.501000     6.706000     0.558000     0.116000     0.135000     0.475000
ZOA1  -122.015952    37.543055   -31.686000    11.805000    -0.480000     0.077000     0.097000     0.309000
ZOA2  -122.015898    37.543027   -31.840000    12.088000    -0.903000     0.085000     0.107000     0.344000
ZOLE  -119.753362    39.421670   -20.045000    -5.877000    -1.034000     0.144000     0.185000     0.587000
7ODM  -117.093199    34.116409   -26.913000     6.469000     0.400000     0.104000     0.128000     0.453000